5 1 2 3 4 6 7 8 9
3 4 6 7 8 9 5 1 2
7 8 9 5 1 2 3 4 6
1 2 3 4 6 7 8 9 5
4 6 7 8 9 5 1 2 3
8 9 5 1 2 3 4 6 7
2 3 4 6 5 8 9 7 1
6 5 8 9 7 1 2 3 4
9 7 1 2 3 4 6 5 8

5 1 2 3 4 6 7 8 9
3 4 6 7 8 9 5 1 2
7 8 9 5 1 2 3 4 6
1 2 3 4 6 7 8 9 5
4 6 7 8 9 5 1 2 3
8 9 5 1 2 3 4 6 7
2 3 4 6 7 8 9 5 1
9 5 1 2 3 4 6 7 8
6 7 8 9 5 1 2 3 4

5 1 2 3 4 6 7 8 9
3 4 6 7 8 9 5 1 2
7 8 9 5 1 2 3 4 6
1 2 3 4 6 7 8 9 5
4 6 7 8 9 5 1 2 3
8 9 5 1 2 3 4 6 7
6 7 4 2 5 1 9 3 8
2 3 8 9 7 4 6 5 1
9 5 1 6 3 8 2 7 4

5 1 2 3 4 6 7 8 9
3 4 6 7 8 9 1 5 2
7 8 9 5 1 2 3 4 6
1 6 3 4 9 7 8 2 5
4 2 7 8 6 5 9 1 3
8 9 5 1 2 3 4 6 7
6 7 8 9 5 1 2 3 4
9 5 1 2 3 4 6 7 8
2 3 4 6 7 8 5 9 1

5 1 2 3 4 6 7 8 9
3 4 6 7 8 9 5 1 2
7 8 9 5 1 2 3 4 6
1 2 3 4 6 7 8 9 5
4 6 7 8 9 5 1 2 3
8 9 5 1 2 3 4 6 7
9 5 1 2 3 4 6 7 8
2 3 4 6 7 8 9 5 1
6 7 8 9 5 1 2 3 4